
===================== Span-Based Correction ======================
Category       TP       FP       FN       P        R        F0.5
ADJ            0        6        60       0.0      0.0      0.0
ADJ:FORM       4        1        6        0.8      0.4      0.6667
ADV            7        9        50       0.4375   0.1228   0.2893
CONJ           1        6        20       0.1429   0.0476   0.102
CONTR          0        1        0        0.0      1.0      0.0
DET            162      117      298      0.5806   0.3522   0.514
MORPH          34       15       57       0.6939   0.3736   0.5923
NOUN           9        19       185      0.3214   0.0464   0.1471
NOUN:INFL      6        3        3        0.6667   0.6667   0.6667
NOUN:NUM       128      93       90       0.5792   0.5872   0.5808
NOUN:POSS      5        4        11       0.5556   0.3125   0.4808
ORTH           26       3        37       0.8966   0.4127   0.7263
OTHER          29       73       535      0.2843   0.0514   0.1492
PART           12       6        28       0.6667   0.3      0.5357
PREP           100      69       236      0.5917   0.2976   0.4941
PRON           6        18       99       0.25     0.0571   0.1493
PUNCT          18       15       270      0.5455   0.0625   0.2143
SPELL          76       27       25       0.7379   0.7525   0.7407
VERB           32       29       215      0.5246   0.1296   0.3259
VERB:FORM      55       38       67       0.5914   0.4508   0.5567
VERB:INFL      1        0        1        1.0      0.5      0.8333
VERB:SVA       67       49       76       0.5776   0.4685   0.5519
VERB:TENSE     40       41       158      0.4938   0.202    0.3831
WO             8        4        24       0.6667   0.25     0.5

=========== Span-Based Correction ============
TP	FP	FN	Prec	Rec	F0.5
826	646	2551	0.5611	0.2446	0.4458
==============================================

