
===================== Token-Based Detection ======================
Category       TP       FP       FN       P        R        F0.5
ADJ            3        3        58       0.5      0.0492   0.1765
ADJ:FORM       4        1        7        0.8      0.3636   0.6452
ADV            10       6        47       0.625    0.1754   0.4132
CONJ           2        4        19       0.3333   0.0952   0.2222
CONTR          0        1        0        0.0      1.0      0.0
DET            192      80       275      0.7059   0.4111   0.6174
MORPH          43       13       48       0.7679   0.4725   0.6825
NOUN           25       8        180      0.7576   0.122    0.3709
NOUN:INFL      7        1        2        0.875    0.7778   0.8537
NOUN:NUM       134      76       84       0.6381   0.6147   0.6333
NOUN:POSS      7        1        11       0.875    0.3889   0.7
ORTH           35       2        43       0.9459   0.4487   0.7743
OTHER          144      51       835      0.7385   0.1471   0.4093
PART           14       4        26       0.7778   0.35     0.625
PREP           114      38       226      0.75     0.3353   0.6013
PRON           12       10       93       0.5455   0.1143   0.3109
PUNCT          26       12       291      0.6842   0.082    0.2772
SPELL          90       13       11       0.8738   0.8911   0.8772
UNK            24       0        140      1.0      0.1463   0.4615
VERB           68       14       199      0.8293   0.2547   0.5714
VERB:FORM      75       17       55       0.8152   0.5769   0.753
VERB:INFL      1        0        1        1.0      0.5      0.8333
VERB:SVA       71       29       72       0.71     0.4965   0.6538
VERB:TENSE     70       22       148      0.7609   0.3211   0.5973
WO             21       7        52       0.75     0.2877   0.5676

=========== Token-Based Detection ============
TP	FP	FN	Prec	Rec	F0.5
1192	413	2923	0.7427	0.2897	0.5657
==============================================

