
====================== Span-Based Detection ======================
Category       TP       FP       FN       P        R        F0.5
ADJ            1        3        59       0.25     0.0167   0.0658
ADJ:FORM       4        1        6        0.8      0.4      0.6667
ADV            9        9        48       0.5      0.1579   0.3488
CONJ           2        5        19       0.2857   0.0952   0.2041
CONTR          0        1        0        0.0      1.0      0.0
DET            174      103      286      0.6282   0.3783   0.5548
MORPH          40       13       51       0.7547   0.4396   0.6601
NOUN           22       12       172      0.6471   0.1134   0.3333
NOUN:INFL      7        4        2        0.6364   0.7778   0.6604
NOUN:NUM       130      87       88       0.5991   0.5963   0.5985
NOUN:POSS      5        4        11       0.5556   0.3125   0.4808
ORTH           26       11       37       0.7027   0.4127   0.6161
OTHER          66       54       498      0.55     0.117    0.3161
PART           12       6        28       0.6667   0.3      0.5357
PREP           110      54       226      0.6707   0.3274   0.5544
PRON           7        17       98       0.2917   0.0667   0.1741
PUNCT          19       14       269      0.5758   0.066    0.2262
SPELL          94       18       7        0.8393   0.9307   0.8561
UNK            5        0        37       1.0      0.119    0.4032
VERB           53       17       194      0.7571   0.2146   0.5028
VERB:FORM      63       29       59       0.6848   0.5164   0.6429
VERB:INFL      1        0        1        1.0      0.5      0.8333
VERB:SVA       71       38       72       0.6514   0.4965   0.6131
VERB:TENSE     57       22       141      0.7215   0.2879   0.5545
WO             9        4        23       0.6923   0.2812   0.5357

============ Span-Based Detection ============
TP	FP	FN	Prec	Rec	F0.5
987	526	2432	0.6523	0.2887	0.5211
==============================================

