
===================== Token-Based Detection ======================
Category       TP       FP       FN       P        R        F0.5
ADJ            3        3        58       0.5      0.0492   0.1765
ADJ:FORM       4        1        7        0.8      0.3636   0.6452
ADV            10       6        47       0.625    0.1754   0.4132
CONJ           2        4        19       0.3333   0.0952   0.2222
CONTR          0        1        0        0.0      1.0      0.0
DET            191      82       276      0.6996   0.409    0.6126
MORPH          43       12       48       0.7818   0.4725   0.6913
NOUN           25       9        180      0.7353   0.122    0.3666
NOUN:INFL      7        2        2        0.7778   0.7778   0.7778
NOUN:NUM       133      78       85       0.6303   0.6101   0.6262
NOUN:POSS      7        1        11       0.875    0.3889   0.7
ORTH           37       9        41       0.8043   0.4744   0.7061
OTHER          144      49       835      0.7461   0.1471   0.4112
PART           14       4        26       0.7778   0.35     0.625
PREP           114      37       226      0.755    0.3353   0.6038
PRON           12       10       93       0.5455   0.1143   0.3109
PUNCT          26       13       291      0.6667   0.082    0.2748
SPELL          94       11       7        0.8952   0.9307   0.9021
UNK            24       0        140      1.0      0.1463   0.4615
VERB           68       12       199      0.85     0.2547   0.5792
VERB:FORM      74       17       56       0.8132   0.5692   0.749
VERB:INFL      1        0        1        1.0      0.5      0.8333
VERB:SVA       71       31       72       0.6961   0.4965   0.6443
VERB:TENSE     70       22       148      0.7609   0.3211   0.5973
WO             21       7        52       0.75     0.2877   0.5676

=========== Token-Based Detection ============
TP	FP	FN	Prec	Rec	F0.5
1195	421	2920	0.7395	0.2904	0.5648
==============================================

