
===================== Span-Based Correction ======================
Category       TP       FP       FN       P        R        F0.5
ADJ            0        6        60       0.0      0.0      0.0
ADJ:FORM       4        1        6        0.8      0.4      0.6667
ADV            7        9        50       0.4375   0.1228   0.2893
CONJ           1        6        20       0.1429   0.0476   0.102
CONTR          0        1        0        0.0      1.0      0.0
DET            161      120      299      0.573    0.35     0.5082
MORPH          36       14       55       0.72     0.3956   0.6186
NOUN           8        20       186      0.2857   0.0412   0.1307
NOUN:INFL      7        4        2        0.6364   0.7778   0.6604
NOUN:NUM       128      95       90       0.574    0.5872   0.5766
NOUN:POSS      5        4        11       0.5556   0.3125   0.4808
ORTH           25       17       38       0.5952   0.3968   0.5411
OTHER          30       75       534      0.2857   0.0532   0.1524
PART           12       6        28       0.6667   0.3      0.5357
PREP           100      69       236      0.5917   0.2976   0.4941
PRON           6        19       99       0.24     0.0571   0.1463
PUNCT          18       15       270      0.5455   0.0625   0.2143
SPELL          72       49       29       0.595    0.7129   0.6154
VERB           32       25       215      0.5614   0.1296   0.3368
VERB:FORM      55       38       67       0.5914   0.4508   0.5567
VERB:INFL      1        0        1        1.0      0.5      0.8333
VERB:SVA       67       51       76       0.5678   0.4685   0.5447
VERB:TENSE     40       41       158      0.4938   0.202    0.3831
WO             9        4        23       0.6923   0.2812   0.5357

=========== Span-Based Correction ============
TP	FP	FN	Prec	Rec	F0.5
824	689	2553	0.5446	0.244	0.4369
==============================================

