
===================== Span-Based Correction ======================
Category       TP       FP       FN       P        R        F0.5
ADJ            0        6        60       0.0      0.0      0.0
ADJ:FORM       4        1        6        0.8      0.4      0.6667
ADV            7        9        50       0.4375   0.1228   0.2893
CONJ           1        6        20       0.1429   0.0476   0.102
CONTR          0        1        0        0.0      1.0      0.0
DET            162      115      298      0.5848   0.3522   0.5166
MORPH          36       17       55       0.6792   0.3956   0.5941
NOUN           8        18       186      0.3077   0.0412   0.1342
NOUN:INFL      7        3        2        0.7      0.7778   0.7143
NOUN:NUM       131      93       87       0.5848   0.6009   0.588
NOUN:POSS      5        4        11       0.5556   0.3125   0.4808
ORTH           21       3        42       0.875    0.3333   0.6604
OTHER          30       77       534      0.2804   0.0532   0.1512
PART           12       6        28       0.6667   0.3      0.5357
PREP           100      70       236      0.5882   0.2976   0.4921
PRON           6        18       99       0.25     0.0571   0.1493
PUNCT          18       14       270      0.5625   0.0625   0.2163
SPELL          80       45       21       0.64     0.7921   0.6656
VERB           32       26       215      0.5517   0.1296   0.334
VERB:FORM      55       38       67       0.5914   0.4508   0.5567
VERB:INFL      1        1        1        0.5      0.5      0.5
VERB:SVA       67       49       76       0.5776   0.4685   0.5519
VERB:TENSE     40       42       158      0.4878   0.202    0.3802
WO             9        4        23       0.6923   0.2812   0.5357

=========== Span-Based Correction ============
TP	FP	FN	Prec	Rec	F0.5
832	666	2545	0.5554	0.2464	0.444
==============================================

