
====================== Span-Based Detection ======================
Category       TP       FP       FN       P        R        F0.5
ADJ            1        3        59       0.25     0.0167   0.0658
ADJ:FORM       4        1        6        0.8      0.4      0.6667
ADV            9        9        48       0.5      0.1579   0.3488
CONJ           2        5        19       0.2857   0.0952   0.2041
CONTR          0        1        0        0.0      1.0      0.0
DET            175      98       285      0.641    0.3804   0.5638
MORPH          40       15       51       0.7273   0.4396   0.6431
NOUN           22       11       172      0.6667   0.1134   0.3374
NOUN:INFL      7        3        2        0.7      0.7778   0.7143
NOUN:NUM       131      85       87       0.6065   0.6009   0.6054
NOUN:POSS      5        4        11       0.5556   0.3125   0.4808
ORTH           24       3        39       0.8889   0.381    0.7018
OTHER          66       56       498      0.541    0.117    0.3137
PART           12       6        28       0.6667   0.3      0.5357
PREP           110      55       226      0.6667   0.3274   0.5522
PRON           7        16       98       0.3043   0.0667   0.1777
PUNCT          19       13       269      0.5938   0.066    0.2284
SPELL          90       20       11       0.8182   0.8911   0.8318
UNK            5        0        37       1.0      0.119    0.4032
VERB           53       19       194      0.7361   0.2146   0.4953
VERB:FORM      64       29       58       0.6882   0.5246   0.6478
VERB:INFL      1        0        1        1.0      0.5      0.8333
VERB:SVA       71       36       72       0.6636   0.4965   0.6217
VERB:TENSE     57       22       141      0.7215   0.2879   0.5545
WO             9        4        23       0.6923   0.2812   0.5357

============ Span-Based Detection ============
TP	FP	FN	Prec	Rec	F0.5
984	514	2435	0.6569	0.2878	0.5228
==============================================

